S:
-30.0 -100.0 -100.0 -100.0 
-100.0 -30.0 -100.0 -100.0 
-100.0 -100.0 -30.0 -100.0 
-100.0 -100.0 -100.0 -30.0 

D:
0.04 0.0 0.0 0.0 
15.842427213025156 0.04 3.696281915655244 13.472657495832067 
19.5386795869117 3.696281915655244 0.04 17.083617883809037 
4.205948168962618 13.472657495832067 17.083617883809037 0.04 

rssi_list:
-53.0 
-73.0 
-76.0 
-81.0 

T_svd:
Infinity NaN NaN NaN 
0.024524142143341577 -0.06092682118038713 0.0037332252713204346 0.022209437188136144 
0.02558415312570545 0.0017974582299419076 -0.06286258822176566 0.02366592335956435 
0.0046928268939927294 0.021323719848886744 0.024715973061693493 -0.061812538519636515 

d_svd:
NaN 
2.901386945438617 
3.948920878537092 
3.754857342131913 

S:
-30.0 -100.0 -100.0 -100.0 
-100.0 -30.0 -100.0 -100.0 
-100.0 -100.0 -30.0 -88.0 
-100.0 -100.0 -100.0 -30.0 

D:
0.04 0.0 0.0 0.0 
15.842427213025156 0.04 3.696281915655244 13.472657495832067 
19.5386795869117 3.696281915655244 0.04 17.083617883809037 
4.205948168962618 13.472657495832067 17.083617883809037 0.04 

rssi_list:
-55.0 
-74.0 
-76.0 
-82.0 

T_svd:
Infinity NaN NaN NaN 
0.02472870243218105 -0.06072226089154767 0.003937785560159899 0.02173894852380536 
0.022139627743690878 -0.00164706715207265 -0.0663071136037802 0.03158833173819783 
0.006047126787784149 0.02267801974267818 0.026070272955484895 -0.0649274282753568 

d_svd:
NaN 
2.861949942758753 
3.870179447018988 
3.788396868154817 

S:
-30.0 -100.0 -100.0 -100.0 
-100.0 -30.0 -100.0 -100.0 
-100.0 -100.0 -30.0 -88.0 
-100.0 -100.0 -100.0 -30.0 

D:
0.04 0.0 0.0 0.0 
15.842427213025156 0.04 3.696281915655244 13.472657495832067 
19.5386795869117 3.696281915655244 0.04 17.083617883809037 
4.205948168962618 13.472657495832067 17.083617883809037 0.04 

rssi_list:
-55.0 
-74.0 
-76.0 
-82.0 

T_svd:
Infinity NaN NaN NaN 
0.02472870243218105 -0.06072226089154767 0.003937785560159899 0.02173894852380536 
0.022139627743690878 -0.00164706715207265 -0.0663071136037802 0.03158833173819783 
0.006047126787784149 0.02267801974267818 0.026070272955484895 -0.0649274282753568 

d_svd:
NaN 
2.861949942758753 
3.870179447018988 
3.788396868154817 

S:
-30.0 -72.0 -100.0 -100.0 
-100.0 -30.0 -100.0 -100.0 
-100.0 -77.0 -30.0 -88.0 
-100.0 -79.0 -100.0 -30.0 

D:
0.04 0.0 0.0 0.0 
15.842427213025156 0.04 3.696281915655244 13.472657495832067 
19.5386795869117 3.696281915655244 0.04 17.083617883809037 
4.205948168962618 13.472657495832067 17.083617883809037 0.04 

rssi_list:
-53.0 
-74.0 
-76.0 
-82.0 

T_svd:
Infinity NaN NaN NaN 
0.03295905206687336 -0.07824114797110698 0.012168135194852183 0.028558381078264694 
0.020534056232658728 0.0017705064928386655 -0.06791268511481237 0.030258001057628322 
0.0020993169222570177 0.03108121502787163 0.022122463089957786 -0.06819847073536497 

d_svd:
NaN 
2.173741045048384 
4.309774235543412 
4.480316523602734 

S:
-30.0 -72.0 -100.0 -100.0 
-100.0 -30.0 -100.0 -100.0 
-100.0 -77.0 -30.0 -88.0 
-100.0 -79.0 -100.0 -30.0 

D:
0.04 0.0 0.0 0.0 
15.842427213025156 0.04 3.696281915655244 13.472657495832067 
19.5386795869117 3.696281915655244 0.04 17.083617883809037 
4.205948168962618 13.472657495832067 17.083617883809037 0.04 

rssi_list:
-53.0 
-73.0 
-76.0 
-81.0 

T_svd:
Infinity NaN NaN NaN 
0.03295905206687336 -0.07824114797110698 0.012168135194852183 0.028558381078264694 
0.020534056232658728 0.0017705064928386655 -0.06791268511481237 0.030258001057628322 
0.0020993169222570177 0.03108121502787163 0.022122463089957786 -0.06819847073536497 

d_svd:
NaN 
2.0683824986350494 
4.450044200162959 
4.317067882078551 

S:
-30.0 -72.0 -100.0 -100.0 
-100.0 -30.0 -100.0 -100.0 
-100.0 -77.0 -30.0 -88.0 
-100.0 -79.0 -100.0 -30.0 

D:
0.04 0.0 0.0 0.0 
15.842427213025156 0.04 3.696281915655244 13.472657495832067 
19.5386795869117 3.696281915655244 0.04 17.083617883809037 
4.205948168962618 13.472657495832067 17.083617883809037 0.04 

rssi_list:
-53.0 
-74.0 
-76.0 
-81.0 

T_svd:
Infinity NaN NaN NaN 
0.03295905206687336 -0.07824114797110698 0.012168135194852183 0.028558381078264694 
0.020534056232658728 0.0017705064928386655 -0.06791268511481237 0.030258001057628322 
0.0020993169222570177 0.03108121502787163 0.022122463089957786 -0.06819847073536497 

d_svd:
NaN 
2.2367145002047955 
4.442172338660424 
4.184951964193697 

S:
-30.0 -72.0 -100.0 -100.0 
-100.0 -30.0 -100.0 -100.0 
-100.0 -77.0 -30.0 -88.0 
-100.0 -79.0 -100.0 -30.0 

D:
0.04 0.0 0.0 0.0 
15.842427213025156 0.04 3.696281915655244 13.472657495832067 
19.5386795869117 3.696281915655244 0.04 17.083617883809037 
4.205948168962618 13.472657495832067 17.083617883809037 0.04 

rssi_list:
-55.0 
-74.0 
-76.0 
-82.0 

T_svd:
Infinity NaN NaN NaN 
0.03295905206687336 -0.07824114797110698 0.012168135194852183 0.028558381078264694 
0.020534056232658728 0.0017705064928386655 -0.06791268511481237 0.030258001057628322 
0.0020993169222570177 0.03108121502787163 0.022122463089957786 -0.06819847073536497 

d_svd:
NaN 
2.035072740467917 
4.1363651071530185 
4.461544750490108 

S:
-30.0 -72.0 -76.0 -100.0 
-100.0 -30.0 -100.0 -100.0 
-100.0 -77.0 -30.0 -88.0 
-100.0 -79.0 -100.0 -30.0 

D:
0.04 0.0 0.0 0.0 
15.842427213025156 0.04 3.696281915655244 13.472657495832067 
19.5386795869117 3.696281915655244 0.04 17.083617883809037 
4.205948168962618 13.472657495832067 17.083617883809037 0.04 

rssi_list:
-53.0 
-74.0 
-76.0 
-82.0 

T_svd:
Infinity NaN NaN NaN 
0.03613444058498474 -0.07473505836898513 0.002954572655254525 0.03331323746030709 
0.022512377886422883 0.003954860608989745 -0.07365289302210747 0.033220358352643094 
0.002301572340200689 0.031304534352036346 0.021535607991261193 -0.06789561158621622 

d_svd:
NaN 
1.9329280445057662 
4.005765793950015 
4.446934874713279 

S:
-30.0 -72.0 -76.0 -100.0 
-100.0 -30.0 -100.0 -100.0 
-100.0 -77.0 -30.0 -88.0 
-100.0 -79.0 -100.0 -30.0 

D:
0.04 0.0 0.0 0.0 
15.842427213025156 0.04 3.696281915655244 13.472657495832067 
19.5386795869117 3.696281915655244 0.04 17.083617883809037 
4.205948168962618 13.472657495832067 17.083617883809037 0.04 

rssi_list:
-55.0 
-73.0 
-76.0 
-81.0 

T_svd:
Infinity NaN NaN NaN 
0.03613444058498474 -0.07473505836898513 0.002954572655254525 0.03331323746030709 
0.022512377886422883 0.003954860608989745 -0.07365289302210747 0.033220358352643094 
0.002301572340200689 0.031304534352036346 0.021535607991261193 -0.06789561158621622 

d_svd:
NaN 
1.7252039453402115 
3.974445473713851 
4.267468715292006 

S:
-30.0 -72.0 -76.0 -100.0 
-100.0 -30.0 -100.0 -100.0 
-100.0 -77.0 -30.0 -88.0 
-100.0 -79.0 -100.0 -30.0 

D:
0.04 0.0 0.0 0.0 
15.842427213025156 0.04 3.696281915655244 13.472657495832067 
19.5386795869117 3.696281915655244 0.04 17.083617883809037 
4.205948168962618 13.472657495832067 17.083617883809037 0.04 

rssi_list:
-55.0 
-73.0 
-77.0 
-82.0 

T_svd:
Infinity NaN NaN NaN 
0.03613444058498474 -0.07473505836898513 0.002954572655254525 0.03331323746030709 
0.022512377886422883 0.003954860608989745 -0.07365289302210747 0.033220358352643094 
0.002301572340200689 0.031304534352036346 0.021535607991261193 -0.06789561158621622 

d_svd:
NaN 
1.6637556098995891 
4.138435300159856 
4.469966205620048 

S:
-30.0 -72.0 -76.0 -100.0 
-100.0 -30.0 -100.0 -100.0 
-100.0 -77.0 -30.0 -88.0 
-100.0 -79.0 -100.0 -30.0 

D:
0.04 0.0 0.0 0.0 
15.842427213025156 0.04 3.696281915655244 13.472657495832067 
19.5386795869117 3.696281915655244 0.04 17.083617883809037 
4.205948168962618 13.472657495832067 17.083617883809037 0.04 

rssi_list:
-55.0 
-73.0 
-76.0 
-81.0 

T_svd:
Infinity NaN NaN NaN 
0.03613444058498474 -0.07473505836898513 0.002954572655254525 0.03331323746030709 
0.022512377886422883 0.003954860608989745 -0.07365289302210747 0.033220358352643094 
0.002301572340200689 0.031304534352036346 0.021535607991261193 -0.06789561158621622 

d_svd:
NaN 
1.7252039453402115 
3.974445473713851 
4.267468715292006 

S:
-30.0 -72.0 -76.0 -100.0 
-100.0 -30.0 -100.0 -100.0 
-100.0 -77.0 -30.0 -88.0 
-100.0 -79.0 -100.0 -30.0 

D:
0.04 0.0 0.0 0.0 
15.842427213025156 0.04 3.696281915655244 13.472657495832067 
19.5386795869117 3.696281915655244 0.04 17.083617883809037 
4.205948168962618 13.472657495832067 17.083617883809037 0.04 

rssi_list:
-55.0 
-74.0 
-76.0 
-81.0 

T_svd:
Infinity NaN NaN NaN 
0.03613444058498474 -0.07473505836898513 0.002954572655254525 0.03331323746030709 
0.022512377886422883 0.003954860608989745 -0.07365289302210747 0.033220358352643094 
0.002301572340200689 0.031304534352036346 0.021535607991261193 -0.06789561158621622 

d_svd:
NaN 
1.8590773774794127 
3.9587581369294633 
4.1359469486119265 

S:
-30.0 -72.0 -76.0 -100.0 
-100.0 -30.0 -100.0 -100.0 
-100.0 -77.0 -30.0 -88.0 
-100.0 -79.0 -100.0 -30.0 

D:
0.04 0.0 0.0 0.0 
15.842427213025156 0.04 3.696281915655244 13.472657495832067 
19.5386795869117 3.696281915655244 0.04 17.083617883809037 
4.205948168962618 13.472657495832067 17.083617883809037 0.04 

rssi_list:
-53.0 
-74.0 
-76.0 
-81.0 

T_svd:
Infinity NaN NaN NaN 
0.03613444058498474 -0.07473505836898513 0.002954572655254525 0.03331323746030709 
0.022512377886422883 0.003954860608989745 -0.07365289302210747 0.033220358352643094 
0.002301572340200689 0.031304534352036346 0.021535607991261193 -0.06789561158621622 

d_svd:
NaN 
1.9984046998972311 
4.14107381608236 
4.155029196285914 

S:
-30.0 -72.0 -76.0 -100.0 
-100.0 -30.0 -100.0 -100.0 
-100.0 -77.0 -30.0 -88.0 
-100.0 -79.0 -100.0 -30.0 

D:
0.04 0.0 0.0 0.0 
15.842427213025156 0.04 3.696281915655244 13.472657495832067 
19.5386795869117 3.696281915655244 0.04 17.083617883809037 
4.205948168962618 13.472657495832067 17.083617883809037 0.04 

rssi_list:
-53.0 
-74.0 
-76.0 
-81.0 

T_svd:
Infinity NaN NaN NaN 
0.03613444058498474 -0.07473505836898513 0.002954572655254525 0.03331323746030709 
0.022512377886422883 0.003954860608989745 -0.07365289302210747 0.033220358352643094 
0.002301572340200689 0.031304534352036346 0.021535607991261193 -0.06789561158621622 

d_svd:
NaN 
1.9984046998972311 
4.14107381608236 
4.155029196285914 

S:
-30.0 -72.0 -76.0 -100.0 
-100.0 -30.0 -100.0 -100.0 
-100.0 -77.0 -30.0 -88.0 
-100.0 -79.0 -100.0 -30.0 

D:
0.04 0.0 0.0 0.0 
15.842427213025156 0.04 3.696281915655244 15.997177876113025 
19.5386795869117 3.696281915655244 0.04 15.502103083130367 
25.101936180302907 15.997177876113025 15.502103083130367 0.04 

rssi_list:
-55.0 
-73.0 
-76.0 
-82.0 

T_svd:
Infinity NaN NaN NaN 
0.03525922186877915 -0.07557429870647789 0.0023794289274622835 0.034990187140453766 
0.02300741409089659 0.004429546928673133 -0.07332758351631045 0.03227185166582059 
0.021617602213569648 0.025628057559818507 0.007320577392967712 -0.07166336543505905 

d_svd:
NaN 
1.6949185028900937 
3.8108025494236433 
9.585157039037577 

S:
-30.0 -72.0 -76.0 -100.0 
-100.0 -30.0 -100.0 -100.0 
-100.0 -77.0 -30.0 -88.0 
-100.0 -79.0 -100.0 -30.0 

D:
0.04 0.0 0.0 0.0 
15.842427213025156 0.04 3.696281915655244 15.997177876113025 
19.5386795869117 3.696281915655244 0.04 15.502103083130367 
25.101936180302907 15.997177876113025 15.502103083130367 0.04 

rssi_list:
-53.0 
-73.0 
-76.0 
-82.0 

T_svd:
Infinity NaN NaN NaN 
0.03525922186877915 -0.07557429870647789 0.0023794289274622835 0.034990187140453766 
0.02300741409089659 0.004429546928673133 -0.07332758351631045 0.03227185166582059 
0.021617602213569648 0.025628057559818507 0.007320577392967712 -0.07166336543505905 

d_svd:
NaN 
1.818756639514648 
3.9902530024692 
10.00866246604366 

S:
-30.0 -72.0 -76.0 -100.0 
-100.0 -30.0 -100.0 -100.0 
-100.0 -77.0 -30.0 -88.0 
-100.0 -79.0 -100.0 -30.0 

D:
0.04 0.0 0.0 0.0 
15.842427213025156 0.04 3.696281915655244 15.997177876113025 
19.5386795869117 3.696281915655244 0.04 15.502103083130367 
25.101936180302907 15.997177876113025 15.502103083130367 0.04 

rssi_list:
-53.0 
-74.0 
-76.0 
-82.0 

T_svd:
Infinity NaN NaN NaN 
0.03525922186877915 -0.07557429870647789 0.0023794289274622835 0.034990187140453766 
0.02300741409089659 0.004429546928673133 -0.07332758351631045 0.03227185166582059 
0.021617602213569648 0.025628057559818507 0.007320577392967712 -0.07166336543505905 

d_svd:
NaN 
1.961535139728621 
3.972617077951155 
9.75541882029297 

S:
-30.0 -72.0 -76.0 -100.0 
-100.0 -30.0 -100.0 -100.0 
-100.0 -77.0 -30.0 -88.0 
-100.0 -79.0 -100.0 -30.0 

D:
0.04 0.0 0.0 0.0 
15.842427213025156 0.04 3.696281915655244 15.997177876113025 
19.5386795869117 3.696281915655244 0.04 15.502103083130367 
25.101936180302907 15.997177876113025 15.502103083130367 0.04 

rssi_list:
-53.0 
-73.0 
-76.0 
-82.0 

T_svd:
Infinity NaN NaN NaN 
0.03525922186877915 -0.07557429870647789 0.0023794289274622835 0.034990187140453766 
0.02300741409089659 0.004429546928673133 -0.07332758351631045 0.03227185166582059 
0.021617602213569648 0.025628057559818507 0.007320577392967712 -0.07166336543505905 

d_svd:
NaN 
1.818756639514648 
3.9902530024692 
10.00866246604366 

S:
-30.0 -72.0 -76.0 -100.0 
-100.0 -30.0 -100.0 -100.0 
-100.0 -77.0 -30.0 -88.0 
-100.0 -79.0 -100.0 -30.0 

D:
0.04 0.0 0.0 0.0 
15.842427213025156 0.04 3.696281915655244 15.9756846488656 
19.5386795869117 3.696281915655244 0.04 15.379206741571556 
25.352711886502398 15.9756846488656 15.379206741571556 0.04 

rssi_list:
-53.0 
-73.0 
-76.0 
-82.0 

T_svd:
Infinity NaN NaN NaN 
0.03526607311952719 -0.07556772909606672 0.0023839311779538554 0.03497705990432661 
0.023047973836449992 0.004468439349409327 -0.0733009299692325 0.03219413777434042 
0.021771612817222542 0.0255984675930502 0.007166069614025338 -0.07162487807311008 

d_svd:
NaN 
1.8185594323766567 
3.987692306673622 
10.034559628457858 

S:
-30.0 -72.0 -76.0 -100.0 
-100.0 -30.0 -100.0 -100.0 
-100.0 -77.0 -30.0 -88.0 
-100.0 -79.0 -100.0 -30.0 

D:
0.04 0.0 0.0 0.0 
15.842427213025156 0.04 3.696281915655244 15.9756846488656 
19.5386795869117 3.696281915655244 0.04 15.379206741571556 
25.352711886502398 15.9756846488656 15.379206741571556 0.04 

rssi_list:
-53.0 
-74.0 
-76.0 
-81.0 

T_svd:
Infinity NaN NaN NaN 
0.03526607311952719 -0.07556772909606672 0.0023839311779538554 0.03497705990432661 
0.023047973836449992 0.004468439349409327 -0.0733009299692325 0.03219413777434042 
0.021771612817222542 0.0255984675930502 0.007166069614025338 -0.07162487807311008 

d_svd:
NaN 
2.031124246977292 
4.099800822909091 
9.104891094634684 

S:
-30.0 -72.0 -76.0 -100.0 
-100.0 -30.0 -100.0 -100.0 
-100.0 -77.0 -30.0 -88.0 
-100.0 -79.0 -100.0 -30.0 

D:
0.04 0.0 0.0 0.0 
15.842427213025156 0.04 3.696281915655244 15.9756846488656 
19.5386795869117 3.696281915655244 0.04 15.379206741571556 
25.352711886502398 15.9756846488656 15.379206741571556 0.04 

rssi_list:
-53.0 
-74.0 
-76.0 
-80.0 

T_svd:
Infinity NaN NaN NaN 
0.03526607311952719 -0.07556772909606672 0.0023839311779538554 0.03497705990432661 
0.023047973836449992 0.004468439349409327 -0.0733009299692325 0.03219413777434042 
0.021771612817222542 0.0255984675930502 0.007166069614025338 -0.07162487807311008 

d_svd:
NaN 
2.103424047888111 
4.233938005436747 
8.475561239166463 

S:
-30.0 -72.0 -76.0 -100.0 
-100.0 -30.0 -100.0 -100.0 
-100.0 -77.0 -30.0 -88.0 
-100.0 -79.0 -100.0 -30.0 

D:
0.04 0.0 0.0 0.0 
15.842427213025156 0.04 3.696281915655244 15.9756846488656 
19.5386795869117 3.696281915655244 0.04 15.379206741571556 
25.352711886502398 15.9756846488656 15.379206741571556 0.04 

rssi_list:
-55.0 
-73.0 
-76.0 
-81.0 

T_svd:
Infinity NaN NaN NaN 
0.03526607311952719 -0.07556772909606672 0.0023839311779538554 0.03497705990432661 
0.023047973836449992 0.004468439349409327 -0.0733009299692325 0.03219413777434042 
0.021771612817222542 0.0255984675930502 0.007166069614025338 -0.07162487807311008 

d_svd:
NaN 
1.7550363705512682 
3.932639718222376 
8.942963250176721 

S:
-30.0 -72.0 -76.0 -100.0 
-100.0 -30.0 -100.0 -100.0 
-100.0 -77.0 -30.0 -88.0 
-100.0 -79.0 -100.0 -30.0 

D:
0.04 0.0 0.0 0.0 
15.842427213025156 0.04 3.696281915655244 15.9756846488656 
19.5386795869117 3.696281915655244 0.04 15.379206741571556 
25.352711886502398 15.9756846488656 15.379206741571556 0.04 

rssi_list:
-55.0 
-74.0 
-76.0 
-81.0 

T_svd:
Infinity NaN NaN NaN 
0.03526607311952719 -0.07556772909606672 0.0023839311779538554 0.03497705990432661 
0.023047973836449992 0.004468439349409327 -0.0733009299692325 0.03219413777434042 
0.021771612817222542 0.0255984675930502 0.007166069614025338 -0.07162487807311008 

d_svd:
NaN 
1.8928001807964956 
3.9151061591553544 
8.716942331949737 

S:
-30.0 -71.0 -76.0 -100.0 
-100.0 -30.0 -100.0 -100.0 
-100.0 -76.0 -30.0 -88.0 
-100.0 -78.0 -100.0 -30.0 

D:
0.04 0.0 0.0 0.0 
15.842427213025156 0.04 3.696281915655244 15.9756846488656 
19.5386795869117 3.696281915655244 0.04 15.379206741571556 
25.352711886502398 15.9756846488656 15.379206741571556 0.04 

rssi_list:
-53.0 
-73.0 
-77.0 
-82.0 

T_svd:
Infinity NaN NaN NaN 
0.035804764742279054 -0.07656134029737927 0.002737928530047968 0.03545506626671949 
0.0229140274312992 0.00471550212691 -0.07338895189261739 0.03207528084176983 
0.021454992078882497 0.026182471314094485 0.006958004557401925 -0.0719058305160289 

d_svd:
NaN 
1.773915729543397 
4.315016539632673 
10.095368610713502 

S:
-30.0 -71.0 -76.0 -100.0 
-100.0 -30.0 -100.0 -100.0 
-100.0 -76.0 -30.0 -88.0 
-100.0 -78.0 -100.0 -30.0 

D:
0.04 0.0 0.0 0.0 
15.842427213025156 0.04 3.696281915655244 15.9756846488656 
19.5386795869117 3.696281915655244 0.04 15.379206741571556 
25.352711886502398 15.9756846488656 15.379206741571556 0.04 

rssi_list:
-55.0 
-74.0 
-77.0 
-82.0 

T_svd:
Infinity NaN NaN NaN 
0.035804764742279054 -0.07656134029737927 0.002737928530047968 0.03545506626671949 
0.0229140274312992 0.00471550212691 -0.07338895189261739 0.03207528084176983 
0.021454992078882497 0.026182471314094485 0.006958004557401925 -0.0719058305160289 

d_svd:
NaN 
1.7827216091652924 
4.102340237859575 
9.421405768818587 

S:
-30.0 -71.0 -76.0 -100.0 
-100.0 -30.0 -100.0 -100.0 
-100.0 -76.0 -30.0 -88.0 
-100.0 -78.0 -100.0 -30.0 

D:
0.04 0.0 0.0 0.0 
15.842427213025156 0.04 3.696281915655244 15.9756846488656 
19.5386795869117 3.696281915655244 0.04 15.379206741571556 
25.352711886502398 15.9756846488656 15.379206741571556 0.04 

rssi_list:
-55.0 
-73.0 
-77.0 
-82.0 

T_svd:
Infinity NaN NaN NaN 
0.035804764742279054 -0.07656134029737927 0.002737928530047968 0.03545506626671949 
0.0229140274312992 0.00471550212691 -0.07338895189261739 0.03207528084176983 
0.021454992078882497 0.026182471314094485 0.006958004557401925 -0.0719058305160289 

d_svd:
NaN 
1.6513280619548023 
4.121730513489393 
9.67133911368196 

S:
-30.0 -71.0 -76.0 -100.0 
-100.0 -30.0 -100.0 -100.0 
-100.0 -76.0 -30.0 -88.0 
-100.0 -78.0 -100.0 -30.0 

D:
0.04 0.0 0.0 0.0 
15.842427213025156 0.04 3.696281915655244 15.9756846488656 
19.5386795869117 3.696281915655244 0.04 15.379206741571556 
25.352711886502398 15.9756846488656 15.379206741571556 0.04 

rssi_list:
-53.0 
-73.0 
-77.0 
-83.0 

T_svd:
Infinity NaN NaN NaN 
0.035804764742279054 -0.07656134029737927 0.002737928530047968 0.03545506626671949 
0.0229140274312992 0.00471550212691 -0.07338895189261739 0.03207528084176983 
0.021454992078882497 0.026182471314094485 0.006958004557401925 -0.0719058305160289 

d_svd:
NaN 
1.7121233295551657 
4.178807324440493 
10.848020227229398 

S:
-30.0 -71.0 -76.0 -100.0 
-100.0 -30.0 -100.0 -100.0 
-100.0 -76.0 -30.0 -88.0 
-100.0 -78.0 -100.0 -30.0 

D:
0.04 0.0 0.0 0.0 
15.842427213025156 0.04 3.696281915655244 15.9756846488656 
19.5386795869117 3.696281915655244 0.04 15.379206741571556 
25.352711886502398 15.9756846488656 15.379206741571556 0.04 

rssi_list:
-55.0 
-73.0 
-77.0 
-82.0 

T_svd:
Infinity NaN NaN NaN 
0.035804764742279054 -0.07656134029737927 0.002737928530047968 0.03545506626671949 
0.0229140274312992 0.00471550212691 -0.07338895189261739 0.03207528084176983 
0.021454992078882497 0.026182471314094485 0.006958004557401925 -0.0719058305160289 

d_svd:
NaN 
1.6513280619548023 
4.121730513489393 
9.67133911368196 

S:
-30.0 -71.0 -76.0 -100.0 
-100.0 -30.0 -100.0 -100.0 
-100.0 -76.0 -30.0 -88.0 
-100.0 -78.0 -100.0 -30.0 

D:
0.04 0.0 0.0 0.0 
15.842427213025156 0.04 3.696281915655244 15.9756846488656 
19.5386795869117 3.696281915655244 0.04 15.379206741571556 
25.352711886502398 15.9756846488656 15.379206741571556 0.04 

rssi_list:
-55.0 
-73.0 
-76.0 
-81.0 

T_svd:
Infinity NaN NaN NaN 
0.035804764742279054 -0.07656134029737927 0.002737928530047968 0.03545506626671949 
0.0229140274312992 0.00471550212691 -0.07338895189261739 0.03207528084176983 
0.021454992078882497 0.026182471314094485 0.006958004557401925 -0.0719058305160289 

d_svd:
NaN 
1.7156171069073172 
3.954916275316207 
9.063170060594985 

S:
-30.0 -71.0 -76.0 -100.0 
-100.0 -30.0 -100.0 -100.0 
-100.0 -76.0 -30.0 -88.0 
-100.0 -78.0 -100.0 -30.0 

D:
0.04 0.0 0.0 0.0 
15.842427213025156 0.04 3.696281915655244 15.9756846488656 
19.5386795869117 3.696281915655244 0.04 15.379206741571556 
25.352711886502398 15.9756846488656 15.379206741571556 0.04 

rssi_list:
-55.0 
-74.0 
-76.0 
-81.0 

T_svd:
Infinity NaN NaN NaN 
0.035804764742279054 -0.07656134029737927 0.002737928530047968 0.03545506626671949 
0.0229140274312992 0.00471550212691 -0.07338895189261739 0.03207528084176983 
0.021454992078882497 0.026182471314094485 0.006958004557401925 -0.0719058305160289 

d_svd:
NaN 
1.8521260311635326 
3.9363107608556525 
8.82895343540132 

S:
-30.0 -71.0 -76.0 -100.0 
-100.0 -30.0 -100.0 -100.0 
-100.0 -76.0 -30.0 -88.0 
-100.0 -78.0 -100.0 -30.0 

D:
0.04 0.0 0.0 0.0 
15.842427213025156 0.04 10.835686411113974 15.9756846488656 
20.848443586992293 10.835686411113974 0.04 5.243815404836442 
25.352711886502398 15.9756846488656 5.243815404836442 0.04 

rssi_list:
-55.0 
-73.0 
-76.0 
-80.0 

T_svd:
Infinity NaN NaN NaN 
0.03150024595086929 -0.08135231529713746 0.01527378128869215 0.02900154414525644 
0.02114320228029106 0.024398805028399022 -0.07547954024753475 0.014364981561522213 
0.025761309749149662 0.030975448485071107 -0.005583086993678691 -0.06544961143700506 

d_svd:
NaN 
2.065298111326638 
5.171990589513789 
7.2587217864726945 

S:
-30.0 -71.0 -76.0 -100.0 
-100.0 -30.0 -100.0 -100.0 
-100.0 -76.0 -30.0 -88.0 
-100.0 -78.0 -100.0 -30.0 

D:
0.04 0.0 0.0 0.0 
15.842427213025156 0.04 10.835686411113974 15.9756846488656 
20.848443586992293 10.835686411113974 0.04 5.243815404836442 
25.352711886502398 15.9756846488656 5.243815404836442 0.04 

rssi_list:
-55.0 
-73.0 
-77.0 
-80.0 

T_svd:
Infinity NaN NaN NaN 
0.03150024595086929 -0.08135231529713746 0.01527378128869215 0.02900154414525644 
0.02114320228029106 0.024398805028399022 -0.07547954024753475 0.014364981561522213 
0.025761309749149662 0.030975448485071107 -0.005583086993678691 -0.06544961143700506 

d_svd:
NaN 
2.033992882877722 
5.577480670229574 
7.299361202804114 

S:
-30.0 -71.0 -76.0 -100.0 
-100.0 -30.0 -100.0 -100.0 
-100.0 -76.0 -30.0 -88.0 
-100.0 -78.0 -100.0 -30.0 

D:
0.04 0.0 0.0 0.0 
15.842427213025156 0.04 10.835686411113974 15.9756846488656 
20.848443586992293 10.835686411113974 0.04 5.243815404836442 
25.352711886502398 15.9756846488656 5.243815404836442 0.04 

rssi_list:
-55.0 
-74.0 
-77.0 
-80.0 

T_svd:
Infinity NaN NaN NaN 
0.03150024595086929 -0.08135231529713746 0.01527378128869215 0.02900154414525644 
0.02114320228029106 0.024398805028399022 -0.07547954024753475 0.014364981561522213 
0.025761309749149662 0.030975448485071107 -0.005583086993678691 -0.06544961143700506 

d_svd:
NaN 
2.2063798904846865 
5.443043528763831 
7.076726127391767 

S:
-30.0 -71.0 -76.0 -100.0 
-100.0 -30.0 -100.0 -100.0 
-100.0 -76.0 -30.0 -88.0 
-100.0 -78.0 -100.0 -30.0 

D:
0.04 0.0 0.0 0.0 
15.842427213025156 0.04 10.835686411113974 15.9756846488656 
20.848443586992293 10.835686411113974 0.04 5.243815404836442 
25.352711886502398 15.9756846488656 5.243815404836442 0.04 

rssi_list:
-53.0 
-73.0 
-76.0 
-80.0 

T_svd:
Infinity NaN NaN NaN 
0.03150024595086929 -0.08135231529713746 0.01527378128869215 0.02900154414525644 
0.02114320228029106 0.024398805028399022 -0.07547954024753475 0.014364981561522213 
0.025761309749149662 0.030975448485071107 -0.005583086993678691 -0.06544961143700506 

d_svd:
NaN 
2.1995990015629014 
5.395385471695966 
7.642512194245239 

S:
-30.0 -71.0 -76.0 -100.0 
-100.0 -30.0 -100.0 -100.0 
-100.0 -76.0 -30.0 -88.0 
-100.0 -78.0 -100.0 -30.0 

D:
0.04 0.0 0.0 0.0 
15.842427213025156 0.04 10.835686411113974 15.9756846488656 
20.848443586992293 10.835686411113974 0.04 5.243815404836442 
25.352711886502398 15.9756846488656 5.243815404836442 0.04 

rssi_list:
-55.0 
-74.0 
-76.0 
-80.0 

T_svd:
Infinity NaN NaN NaN 
0.03150024595086929 -0.08135231529713746 0.01527378128869215 0.02900154414525644 
0.02114320228029106 0.024398805028399022 -0.07547954024753475 0.014364981561522213 
0.025761309749149662 0.030975448485071107 -0.005583086993678691 -0.06544961143700506 

d_svd:
NaN 
2.240338331095843 
5.047327202645729 
7.037326238639307 

S:
-30.0 -71.0 -76.0 -100.0 
-100.0 -30.0 -100.0 -100.0 
-100.0 -76.0 -30.0 -88.0 
-100.0 -78.0 -100.0 -30.0 

D:
0.04 0.0 0.0 0.0 
15.842427213025156 0.04 10.835686411113974 15.9756846488656 
20.848443586992293 10.835686411113974 0.04 5.243815404836442 
25.352711886502398 15.9756846488656 5.243815404836442 0.04 

rssi_list:
-54.0 
-74.0 
-76.0 
-80.0 

T_svd:
Infinity NaN NaN NaN 
0.03150024595086929 -0.08135231529713746 0.01527378128869215 0.02900154414525644 
0.02114320228029106 0.024398805028399022 -0.07547954024753475 0.014364981561522213 
0.025761309749149662 0.030975448485071107 -0.005583086993678691 -0.06544961143700506 

d_svd:
NaN 
2.312032808136972 
5.15518002185038 
7.220972305074503 

S:
-30.0 -71.0 -76.0 -100.0 
-100.0 -30.0 -100.0 -100.0 
-100.0 -76.0 -30.0 -88.0 
-100.0 -78.0 -100.0 -30.0 

D:
0.04 0.0 0.0 0.0 
15.842427213025156 0.04 10.835686411113974 15.9756846488656 
20.848443586992293 10.835686411113974 0.04 5.243815404836442 
25.352711886502398 15.9756846488656 5.243815404836442 0.04 

rssi_list:
-53.0 
-73.0 
-76.0 
-81.0 

T_svd:
Infinity NaN NaN NaN 
0.03150024595086929 -0.08135231529713746 0.01527378128869215 0.02900154414525644 
0.02114320228029106 0.024398805028399022 -0.07547954024753475 0.014364981561522213 
0.025761309749149662 0.030975448485071107 -0.005583086993678691 -0.06544961143700506 

d_svd:
NaN 
2.1367233859286796 
5.318434879042357 
8.159443611628443 

S:
-30.0 -71.0 -76.0 -100.0 
-100.0 -30.0 -100.0 -100.0 
-100.0 -76.0 -30.0 -88.0 
-100.0 -78.0 -100.0 -30.0 

D:
0.04 0.0 0.0 0.0 
15.842427213025156 0.04 10.835686411113974 15.9756846488656 
20.848443586992293 10.835686411113974 0.04 5.243815404836442 
25.352711886502398 15.9756846488656 5.243815404836442 0.04 

rssi_list:
-53.0 
-74.0 
-76.0 
-82.0 

T_svd:
Infinity NaN NaN NaN 
0.03150024595086929 -0.08135231529713746 0.01527378128869215 0.02900154414525644 
0.02114320228029106 0.024398805028399022 -0.07547954024753475 0.014364981561522213 
0.025761309749149662 0.030975448485071107 -0.005583086993678691 -0.06544961143700506 

d_svd:
NaN 
2.2515622277740945 
5.116216892783739 
8.445638419632354 

S:
-30.0 -71.0 -76.0 -100.0 
-100.0 -30.0 -100.0 -100.0 
-100.0 -76.0 -30.0 -88.0 
-100.0 -78.0 -100.0 -30.0 

D:
0.04 0.0 0.0 0.0 
15.842427213025156 0.04 10.835686411113974 15.9756846488656 
20.848443586992293 10.835686411113974 0.04 5.243815404836442 
25.352711886502398 15.9756846488656 5.243815404836442 0.04 

rssi_list:
-55.0 
-74.0 
-76.0 
-82.0 

T_svd:
Infinity NaN NaN NaN 
0.03150024595086929 -0.08135231529713746 0.01527378128869215 0.02900154414525644 
0.02114320228029106 0.024398805028399022 -0.07547954024753475 0.014364981561522213 
0.025761309749149662 0.030975448485071107 -0.005583086993678691 -0.06544961143700506 

d_svd:
NaN 
2.1140886194493285 
4.904380931112844 
8.021516752491163 

S:
-30.0 -71.0 -76.0 -100.0 
-100.0 -30.0 -100.0 -100.0 
-100.0 -76.0 -30.0 -88.0 
-100.0 -78.0 -100.0 -30.0 

D:
0.04 0.0 0.0 0.0 
15.842427213025156 0.04 10.835686411113974 15.9756846488656 
20.848443586992293 10.835686411113974 0.04 5.243815404836442 
25.352711886502398 15.9756846488656 5.243815404836442 0.04 

rssi_list:
-55.0 
-73.0 
-76.0 
-82.0 

T_svd:
Infinity NaN NaN NaN 
0.03150024595086929 -0.08135231529713746 0.01527378128869215 0.02900154414525644 
0.02114320228029106 0.024398805028399022 -0.07547954024753475 0.014364981561522213 
0.025761309749149662 0.030975448485071107 -0.005583086993678691 -0.06544961143700506 

d_svd:
NaN 
1.9489124353776228 
5.025513703532111 
8.273875110715558 

S:
-30.0 -71.0 -76.0 -100.0 
-100.0 -30.0 -100.0 -100.0 
-100.0 -76.0 -30.0 -88.0 
-100.0 -78.0 -100.0 -30.0 

D:
0.04 0.0 0.0 0.0 
15.842427213025156 0.04 10.835686411113974 15.9756846488656 
20.848443586992293 10.835686411113974 0.04 5.243815404836442 
25.352711886502398 15.9756846488656 5.243815404836442 0.04 

rssi_list:
-53.0 
-74.0 
-76.0 
-82.0 

T_svd:
Infinity NaN NaN NaN 
0.03150024595086929 -0.08135231529713746 0.01527378128869215 0.02900154414525644 
0.02114320228029106 0.024398805028399022 -0.07547954024753475 0.014364981561522213 
0.025761309749149662 0.030975448485071107 -0.005583086993678691 -0.06544961143700506 

d_svd:
NaN 
2.2515622277740945 
5.116216892783739 
8.445638419632354 

S:
-30.0 -71.0 -76.0 -100.0 
-100.0 -30.0 -100.0 -100.0 
-100.0 -76.0 -30.0 -88.0 
-100.0 -78.0 -100.0 -30.0 

D:
0.04 0.0 0.0 0.0 
15.842427213025156 0.04 10.835686411113974 15.9756846488656 
20.848443586992293 10.835686411113974 0.04 5.243815404836442 
25.352711886502398 15.9756846488656 5.243815404836442 0.04 

rssi_list:
-53.0 
-74.0 
-76.0 
-83.0 

T_svd:
Infinity NaN NaN NaN 
0.03150024595086929 -0.08135231529713746 0.01527378128869215 0.02900154414525644 
0.02114320228029106 0.024398805028399022 -0.07547954024753475 0.014364981561522213 
0.025761309749149662 0.030975448485071107 -0.005583086993678691 -0.06544961143700506 

d_svd:
NaN 
2.187201241471835 
5.04324788545156 
9.016892442917266 

S:
-30.0 -71.0 -76.0 -100.0 
-100.0 -30.0 -100.0 -100.0 
-100.0 -76.0 -30.0 -88.0 
-100.0 -78.0 -100.0 -30.0 

D:
0.04 0.0 0.0 0.0 
15.842427213025156 0.04 10.835686411113974 15.9756846488656 
20.848443586992293 10.835686411113974 0.04 5.243815404836442 
25.352711886502398 15.9756846488656 5.243815404836442 0.04 

rssi_list:
-53.0 
-74.0 
-76.0 
-80.0 

T_svd:
Infinity NaN NaN NaN 
0.03150024595086929 -0.08135231529713746 0.01527378128869215 0.02900154414525644 
0.02114320228029106 0.024398805028399022 -0.07547954024753475 0.014364981561522213 
0.025761309749149662 0.030975448485071107 -0.005583086993678691 -0.06544961143700506 

d_svd:
NaN 
2.386021625263641 
5.265337472822175 
7.409410799283181 

S:
-30.0 -71.0 -76.0 -100.0 
-100.0 -30.0 -100.0 -100.0 
-100.0 -76.0 -30.0 -88.0 
-100.0 -78.0 -100.0 -30.0 

D:
0.04 0.0 0.0 0.0 
15.842427213025156 0.04 10.835686411113974 15.9756846488656 
20.848443586992293 10.835686411113974 0.04 5.243815404836442 
25.352711886502398 15.9756846488656 5.243815404836442 0.04 

rssi_list:
-53.0 
-73.0 
-76.0 
-82.0 

T_svd:
Infinity NaN NaN NaN 
0.03150024595086929 -0.08135231529713746 0.01527378128869215 0.02900154414525644 
0.02114320228029106 0.024398805028399022 -0.07547954024753475 0.014364981561522213 
0.025761309749149662 0.030975448485071107 -0.005583086993678691 -0.06544961143700506 

d_svd:
NaN 
2.075645072001984 
5.242581778632962 
8.711339721705107 

S:
-30.0 -72.0 -76.0 -100.0 
-100.0 -30.0 -100.0 -100.0 
-100.0 -76.0 -30.0 -88.0 
-100.0 -78.0 -100.0 -30.0 

D:
0.04 0.0 0.0 0.0 
15.842427213025156 0.04 10.835686411113974 15.9756846488656 
20.848443586992293 10.835686411113974 0.04 5.243815404836442 
25.352711886502398 15.9756846488656 5.243815404836442 0.04 

rssi_list:
-55.0 
-74.0 
-76.0 
-82.0 

T_svd:
Infinity NaN NaN NaN 
0.03126832162483558 -0.08092453324434301 0.015121373874441405 0.028795746804522848 
0.020987532926258073 0.024685935563449987 -0.07558183725161353 0.01422684883675994 
0.025571639026875453 0.03132529419689037 -0.005707727754030308 -0.06561791517179044 

d_svd:
NaN 
2.13439261829247 
4.935946677991677 
8.08446594934896 

S:
-30.0 -72.0 -76.0 -100.0 
-100.0 -30.0 -100.0 -100.0 
-100.0 -76.0 -30.0 -88.0 
-100.0 -78.0 -100.0 -30.0 

D:
0.04 0.0 0.0 0.0 
15.842427213025156 0.04 10.835686411113974 15.9756846488656 
20.848443586992293 10.835686411113974 0.04 5.243815404836442 
25.352711886502398 15.9756846488656 5.243815404836442 0.04 

rssi_list:
-55.0 
-74.0 
-76.0 
-82.0 

T_svd:
Infinity NaN NaN NaN 
0.03126832162483558 -0.08092453324434301 0.015121373874441405 0.028795746804522848 
0.020987532926258073 0.024685935563449987 -0.07558183725161353 0.01422684883675994 
0.025571639026875453 0.03132529419689037 -0.005707727754030308 -0.06561791517179044 

d_svd:
NaN 
2.13439261829247 
4.935946677991677 
8.08446594934896 

S:
-30.0 -72.0 -76.0 -100.0 
-100.0 -30.0 -100.0 -100.0 
-100.0 -76.0 -30.0 -88.0 
-100.0 -78.0 -100.0 -30.0 

D:
0.04 0.0 0.0 0.0 
15.842427213025156 0.04 10.835686411113974 15.9756846488656 
20.848443586992293 10.835686411113974 0.04 5.243815404836442 
25.352711886502398 15.9756846488656 5.243815404836442 0.04 

rssi_list:
-53.0 
-74.0 
-76.0 
-82.0 

T_svd:
Infinity NaN NaN NaN 
0.03126832162483558 -0.08092453324434301 0.015121373874441405 0.028795746804522848 
0.020987532926258073 0.024685935563449987 -0.07558183725161353 0.01422684883675994 
0.025571639026875453 0.03132529419689037 -0.005707727754030308 -0.06561791517179044 

d_svd:
NaN 
2.2721323721159044 
5.147543186684539 
8.50868761933896 

S:
-30.0 -72.0 -76.0 -100.0 
-100.0 -30.0 -100.0 -100.0 
-100.0 -76.0 -30.0 -88.0 
-100.0 -78.0 -100.0 -30.0 

D:
0.04 0.0 0.0 0.0 
15.842427213025156 0.04 10.835686411113974 15.9756846488656 
20.848443586992293 10.835686411113974 0.04 5.243815404836442 
25.352711886502398 15.9756846488656 5.243815404836442 0.04 

rssi_list:
-53.0 
-74.0 
-76.0 
-82.0 

T_svd:
Infinity NaN NaN NaN 
0.03126832162483558 -0.08092453324434301 0.015121373874441405 0.028795746804522848 
0.020987532926258073 0.024685935563449987 -0.07558183725161353 0.01422684883675994 
0.025571639026875453 0.03132529419689037 -0.005707727754030308 -0.06561791517179044 

d_svd:
NaN 
2.2721323721159044 
5.147543186684539 
8.50868761933896 

S:
-30.0 -72.0 -76.0 -100.0 
-100.0 -30.0 -100.0 -100.0 
-100.0 -76.0 -30.0 -88.0 
-100.0 -78.0 -100.0 -30.0 

D:
0.04 0.0 0.0 0.0 
15.842427213025156 0.04 10.835686411113974 15.9756846488656 
20.848443586992293 10.835686411113974 0.04 5.243815404836442 
25.352711886502398 15.9756846488656 5.243815404836442 0.04 

rssi_list:
-55.0 
-74.0 
-76.0 
-80.0 

T_svd:
Infinity NaN NaN NaN 
0.03126832162483558 -0.08092453324434301 0.015121373874441405 0.028795746804522848 
0.020987532926258073 0.024685935563449987 -0.07558183725161353 0.01422684883675994 
0.025571639026875453 0.03132529419689037 -0.005707727754030308 -0.06561791517179044 

d_svd:
NaN 
2.260924073729956 
5.078409802298484 
7.0901649540122875 

S:
-30.0 -72.0 -76.0 -100.0 
-100.0 -30.0 -100.0 -100.0 
-100.0 -76.0 -30.0 -88.0 
-100.0 -78.0 -100.0 -30.0 

D:
0.04 0.0 0.0 0.0 
15.842427213025156 0.04 10.835686411113974 15.9756846488656 
20.848443586992293 10.835686411113974 0.04 5.243815404836442 
25.352711886502398 15.9756846488656 5.243815404836442 0.04 

rssi_list:
-53.0 
-74.0 
-76.0 
-80.0 

T_svd:
Infinity NaN NaN NaN 
0.03126832162483558 -0.08092453324434301 0.015121373874441405 0.028795746804522848 
0.020987532926258073 0.024685935563449987 -0.07558183725161353 0.01422684883675994 
0.025571639026875453 0.03132529419689037 -0.005707727754030308 -0.06561791517179044 

d_svd:
NaN 
2.4068293409521497 
5.296113487929704 
7.462211992881674 

S:
-30.0 -72.0 -76.0 -100.0 
-100.0 -30.0 -100.0 -100.0 
-100.0 -76.0 -30.0 -88.0 
-100.0 -78.0 -100.0 -30.0 

D:
0.04 0.0 0.0 0.0 
15.842427213025156 0.04 10.835686411113974 15.9756846488656 
20.848443586992293 10.835686411113974 0.04 5.243815404836442 
25.352711886502398 15.9756846488656 5.243815404836442 0.04 

rssi_list:
-53.0 
-74.0 
-76.0 
-82.0 

T_svd:
Infinity NaN NaN NaN 
0.03126832162483558 -0.08092453324434301 0.015121373874441405 0.028795746804522848 
0.020987532926258073 0.024685935563449987 -0.07558183725161353 0.01422684883675994 
0.025571639026875453 0.03132529419689037 -0.005707727754030308 -0.06561791517179044 

d_svd:
NaN 
2.2721323721159044 
5.147543186684539 
8.50868761933896 

S:
-30.0 -72.0 -76.0 -100.0 
-100.0 -30.0 -100.0 -100.0 
-100.0 -76.0 -30.0 -88.0 
-100.0 -78.0 -100.0 -30.0 

D:
0.04 0.0 0.0 0.0 
15.842427213025156 0.04 10.835686411113974 15.9756846488656 
20.848443586992293 10.835686411113974 0.04 5.243815404836442 
25.352711886502398 15.9756846488656 5.243815404836442 0.04 

rssi_list:
-53.0 
-74.0 
-76.0 
-82.0 

T_svd:
Infinity NaN NaN NaN 
0.03126832162483558 -0.08092453324434301 0.015121373874441405 0.028795746804522848 
0.020987532926258073 0.024685935563449987 -0.07558183725161353 0.01422684883675994 
0.025571639026875453 0.03132529419689037 -0.005707727754030308 -0.06561791517179044 

d_svd:
NaN 
2.2721323721159044 
5.147543186684539 
8.50868761933896 

S:
-30.0 -72.0 -76.0 -100.0 
-100.0 -30.0 -100.0 -100.0 
-100.0 -76.0 -30.0 -88.0 
-100.0 -78.0 -100.0 -30.0 

D:
0.04 0.0 0.0 0.0 
15.842427213025156 0.04 10.835686411113974 15.9756846488656 
20.848443586992293 10.835686411113974 0.04 5.243815404836442 
25.352711886502398 15.9756846488656 5.243815404836442 0.04 

rssi_list:
-53.0 
-73.0 
-76.0 
-81.0 

T_svd:
Infinity NaN NaN NaN 
0.03126832162483558 -0.08092453324434301 0.015121373874441405 0.028795746804522848 
0.020987532926258073 0.024685935563449987 -0.07558183725161353 0.01422684883675994 
0.025571639026875453 0.03132529419689037 -0.005707727754030308 -0.06561791517179044 

d_svd:
NaN 
2.156723075564844 
5.351796688315956 
8.221848757275545 

S:
-30.0 -72.0 -76.0 -100.0 
-100.0 -30.0 -100.0 -100.0 
-100.0 -76.0 -30.0 -88.0 
-100.0 -78.0 -100.0 -30.0 

D:
0.04 0.0 0.0 0.0 
15.842427213025156 0.04 10.835686411113974 15.9756846488656 
20.848443586992293 10.835686411113974 0.04 5.243815404836442 
25.352711886502398 15.9756846488656 5.243815404836442 0.04 

rssi_list:
-55.0 
-73.0 
-76.0 
-82.0 

T_svd:
Infinity NaN NaN NaN 
0.03126832162483558 -0.08092453324434301 0.015121373874441405 0.028795746804522848 
0.020987532926258073 0.024685935563449987 -0.07558183725161353 0.01422684883675994 
0.025571639026875453 0.03132529419689037 -0.005707727754030308 -0.06561791517179044 

d_svd:
NaN 
1.9684719562420856 
5.059311563669174 
8.341722506043617 

S:
-30.0 -72.0 -76.0 -100.0 
-100.0 -30.0 -100.0 -100.0 
-100.0 -76.0 -30.0 -88.0 
-100.0 -78.0 -100.0 -30.0 

D:
0.04 0.0 0.0 0.0 
15.842427213025156 0.04 10.835686411113974 15.9756846488656 
20.848443586992293 10.835686411113974 0.04 5.243815404836442 
25.352711886502398 15.9756846488656 5.243815404836442 0.04 

rssi_list:
-53.0 
-74.0 
-76.0 
-82.0 

T_svd:
Infinity NaN NaN NaN 
0.03126832162483558 -0.08092453324434301 0.015121373874441405 0.028795746804522848 
0.020987532926258073 0.024685935563449987 -0.07558183725161353 0.01422684883675994 
0.025571639026875453 0.03132529419689037 -0.005707727754030308 -0.06561791517179044 

d_svd:
NaN 
2.2721323721159044 
5.147543186684539 
8.50868761933896 

S:
-30.0 -72.0 -76.0 -100.0 
-100.0 -30.0 -100.0 -100.0 
-100.0 -76.0 -30.0 -88.0 
-100.0 -78.0 -100.0 -30.0 

D:
0.04 0.0 0.0 0.0 
15.842427213025156 0.04 10.835686411113974 15.9756846488656 
20.848443586992293 10.835686411113974 0.04 5.243815404836442 
25.352711886502398 15.9756846488656 5.243815404836442 0.04 

rssi_list:
-55.0 
-73.0 
-76.0 
-82.0 

T_svd:
Infinity NaN NaN NaN 
0.03126832162483558 -0.08092453324434301 0.015121373874441405 0.028795746804522848 
0.020987532926258073 0.024685935563449987 -0.07558183725161353 0.01422684883675994 
0.025571639026875453 0.03132529419689037 -0.005707727754030308 -0.06561791517179044 

d_svd:
NaN 
1.9684719562420856 
5.059311563669174 
8.341722506043617 

S:
-30.0 -72.0 -76.0 -100.0 
-100.0 -30.0 -100.0 -100.0 
-100.0 -76.0 -30.0 -88.0 
-100.0 -78.0 -100.0 -30.0 

D:
0.04 0.0 0.0 0.0 
15.842427213025156 0.04 10.835686411113974 15.9756846488656 
20.848443586992293 10.835686411113974 0.04 5.243815404836442 
25.352711886502398 15.9756846488656 5.243815404836442 0.04 

rssi_list:
